
110
INT1313
2020-2021
3
1
100
120
119
INT1313
2020-2021
3
3
100
120
203
INT1306
2020-2021
3
3
120
120
258
INT1303
2020-2021
1
2
100
150
297
INT1156
2020-2021
3
1
90
100
361
INT1306
2020-2021
3
1
120
120
367
INT1303
2020-2021
3
2
100
150
413
INT1154
2020-2021
3
1
100
120
440
INT1157
2020-2021
3
2
100
200
495
INT1303
2020-2021
3
3
100
150
530
INT1303
2020-2021
1
3
100
150
568
INT1303
2020-2021
3
1
100
150
573
INT1306
2020-2021
3
2
120
120
582
INT1154
2020-2021
3
3
100
120
626
QS1111
2020-2021
3
1
400
500
639
INT1157
2020-2021
3
1
100
200
725
INT1154
2020-2021
3
2
100
120
778
INT1303
2020-2021
1
1
100
150
780
QS1111
2020-2021
1
2
100
200
978
INT1313
2020-2021
3
2
100
120